image: ./map.png
resolution: 0.115000
origin: [-51.100000, -22.600000, 0.000000]
negate: 0
occupied_thresh: 0.65
free_thresh: 0.196

